0.0 71.49617591976651 62.79298269753876 22.73701186058399 
0.0 0.0 0.0 0.0 
0.0 3.8712748061255455 2.255579086676454 3.957419938753412 
128.9016936675377 0.0 24.97541824140659 43.009572275265754 
15.613572051193813 0.0 21.520535933100355 23.86027428694196 
14.420181635231064 0.0 19.853025932922684 5.4460315514897815 
0.0 0.0 0.0 0.0 
7.737444032600435 34.26545057825065 0.0 7.93326951733037 
8.46138141234494 8.46138141234494 0.0 4.2703843770033565 
0.0 0.0 0.0 0.0 
3.5919493633205275 1.5923463866440892 2.017179294728063 0.0 
2.1600680077914993 2.1425344120331022 2.040795003346571 0.0 
0.0 0.0 17.32574265383816 9.81639971314802 
0.0 0.0 7.859601778771908 0.765768557293124 
0.0 11.561832787788981 0.0 6.786477329297732 
0.0 1.0784790981970186e-07 0.0 1.0351466561368854 
0.0 12.613855776669435 4.749679421223998 0.0 
0.0 0.0 0.0 0.0 
18.341957559971416 0.0 0.0 16.259125494848686 
0.3784370695321846 0.0 0.0 0.3967102668876129 
0.0 0.0 0.0 0.0 
5.954020604319078 0.0 0.4058466487276751 0.0 
0.0 0.0 0.0 0.0 
0.05932754923550727 1.3924521284684999 0.0 0.0 
0.0 0.0 0.0 2.168316725666814 
0.0 0.0 0.0 0.0 
0.0 9.57831551220271 0.0 0.0 
0.0 0.0 0.0 0.0 
0.0 0.0 0.0 0.0 
10.118573858746782 13.204666884016971 10.134456757603008 11.730332823742803 
0.0 0.0 0.0 0.0 
14.865375859888898 3.675317680387706 5.111312156316286 3.780059006046713 
0.0 19.7856831156134 13.4652709968173 16.471208971023003 
0.0 0.0 0.0 0.0 
0.0 25.910780754596917 21.42606977735218 25.910780754596917 
0.0 0.0 0.0 0.0 
0.0 0.0 0.0 0.0 
9.404561797021497 0.0 1.636885016382466 1.6399242777645608 
0.0 0.0 0.0 0.0 
1.7172569857794127 1.7172569857794127 0.0 1.7043371066143647 
1.1630912103575408 2.091980413163102 0.0 4.574626844416313 
32.079423546501765 23.142149722005573 23.0557549023166 0.0 
1.586406376786124 1.667479172671442 0.9895174752786422 0.0 
0.802080697524114 0.7698915905948212 0.7404072539080947 0.0 
0.0 0.0 28.01194112636018 17.99578864007622 
0.0 0.0 1.6551620428783067 0.6956713256513143 
0.0 1.6824698632416926 0.0 0.7990649429201229 
0.0 0.005989931375559807 0.0 0.8962217159212555 
0.0 1.2636367051312662 0.9179201448945582 0.0 
0.0 0.0 0.0 0.0 
0.0 0.0 0.0 0.0 
1.5098894472952502 0.0 0.0 1.3553149967812923 
0.0 0.0 0.0 0.0 
1.3770788813884398 0.0 2.395622296960965 0.0 
0.0 0.0 0.0 0.0 
1.6278428083416412 13.637159122196204 0.0 0.0 
0.0 0.0 0.0 1.5782838089811508 
0.0 0.0 0.0 0.0 
0.0 0.8411543442086158 0.0 0.0 
0.0 0.0 0.0 0.0 
0.0 0.0 0.0 0.0 
10.187173344683412 15.811048000941266 9.989181646336299 11.051616901150105 
0.0 0.0 0.0 0.0 
8.652847083059944 4.446213017284189 2.4387737771453133 8.652847083059944 
0.0 19.144567677495335 16.850025648043 4.573694470810862 
0.0 0.0 0.0 0.0 
0.0 8.01960979021793 50.70136574679002 50.70136574679002 
0.0 0.0 0.0 0.0 
0.0 0.0 0.0 0.0 
7.894379314283336 0.0 11.694635832326536 103.23654198362712 
0.0 0.0 0.0 0.0 
4.356755490955944 9.328882682888342 0.0 2.313086022206449 
6.760032114912713 6.9283480511805475 0.0 6.448377758044145 
0.0 0.0 0.0 0.0 
8.55143376139738 9.171568542037353 10.719757573933897 0.0 
9.005757393777747 3.0433637598332046 50.148056229906985 0.0 
0.0 0.0 5.755504554664034 4.204177213665213 
0.0 0.0 35.22575864417956 13.917800584098263 
0.0 10.748441885250735 0.0 6.114158547875499 
0.0 5.79954693458788 0.0 6.535372516670505 
0.0 7.015216392577102 8.702148425056087 0.0 
0.0 0.0 0.0 0.0 
0.9019351950294797 0.0 0.0 0.8961530110709569 
13.735849481327673 0.0 0.0 13.057065464982378 
0.0 0.0 0.0 0.0 
28.82769943858665 0.0 73.38031078001559 0.0 
0.0 0.0 0.0 0.0 
19.92441844030331 0.0 0.0 0.0 
0.0 0.0 0.0 25.056193466611127 
0.0 0.0 0.0 0.0 
0.0 0.0 0.0 0.0 
0.0 0.0 0.0 0.0 
0.0 0.0 0.0 0.0 
0.0 0.0 0.0 0.0 
0.0 0.0 0.0 0.0 
64.9254446280487 40.00804929022655 64.9254446280487 60.40274234894767 
0.0 77.07111859584872 5.93288249747274 5.16890384758627 
0.0 0.0 0.0 0.0 
0.0 2.2251571143604654 9.98442021261762 2.1109804032651214 
0.0 0.0 0.0 0.0 
5.230704016116669 0.0 0.0 0.0 
8.865685977306509 0.0 24.66036762613997 17.801401292791212 
0.0 0.0 0.0 0.0 
29.610222972850295 0.0 0.0 0.0 
5.515153291422698 4.3911875541476775 0.0 4.843803763861871 
0.0 0.0 0.0 0.0 
12.005208804656682 10.076032951801245 10.65512630557792 0.0 
0.0 0.0 0.0 0.0 
0.0 0.0 29.758338311396614 6.1696596275155375 
0.0 0.0 14.904930635834813 5.1336232104458235 
0.0 5.681836576435971 0.0 4.319037301230879 
0.0 3.3882884153456043 0.0 13.010982632404305 
0.0 2.374838508379207 3.8811730064358345 0.0 
0.0 0.0 0.0 0.0 
4.637215707902446 0.0 0.0 0.17996388210368092 
4.48299878657806 0.0 0.0 3.3346275937681704 
0.0 0.0 0.0 0.0 
3.648539047066377 0.0 35.68639556561541 0.0 
0.0 0.0 0.0 0.0 
9.671781362581106 5.754168921349842 0.0 0.0 
0.0 0.0 0.0 7.8488545354439765 
0.0 0.0 0.0 0.0 
0.0 8.046950175008348 0.0 0.0 
0.0 0.0 0.0 0.0 
0.0 0.0 0.0 0.0 
0.0 11.470869871100433 5.528956466549434 5.840811104645136 
0.0 0.0 0.0 0.0 
12.36821122617452 8.818921173358053 13.720528602146173 7.59136009279407 
0.0 11.4798012972947 29.47513029995668 10.689574582710936 
0.0 0.0 0.0 0.0 
0.0 16.79104775354146 20.192016704877425 14.052976136464942 
244.42124447057674 0.0 0.0 48.5336497271159 
0.0 0.0 0.0 0.0 
13.949896491480592 0.0 12.976738506586651 14.797300783769156 
205.1463387691828 97.15433575168957 0.0 187.70259470773647 
47.78597135590537 28.9937954811667 0.0 26.326592090360684 
13.67835151464805 4.066465703208282 0.0 15.864737671365875 
207.55545183666135 183.75268302884672 121.28608933740445 0.0 
38.829348528199795 10.111833412099513 26.117002964138166 0.0 
30.761549395859166 52.00283456347193 66.50917164121387 0.0 
0.0 0.0 71.63271192360277 13.607468257212915 
0.0 0.0 17.39815131829262 6.173190159917498 
0.0 20.030354082195345 0.0 10.612174232277066 
0.0 0.7093130609793417 0.0 0.9077277421239807 
0.0 23.71748421163675 19.551337216370182 0.0 
0.0 0.0 0.0 0.0 
0.0 0.0 0.0 18.95065342975532 
16.20582415799857 0.0 0.0 10.347138316363276 
230.0283884225489 0.0 21.86438731444809 0.0 
10.663582371247005 0.0 13.101920932789202 0.0 
210.986540188172 134.04307334057427 0.0 0.0 
30.961314277186275 3.96348721764427 0.0 0.0 
0.0 0.0 0.0 33.5017522089094 
0.0 0.0 0.0 0.0 
0.0 14.118093399143461 0.0 0.0 
0.0 0.0 0.0 0.0 
247.129803425064 168.2576834672658 99.10881372741957 201.0252553279678 
38.24003102834466 24.813296211483692 35.898820698165075 34.66632643516894 
0.0 0.0 0.0 0.0 
20.048624692588053 12.452169753110628 20.711491984357654 12.250782185264926 
0.0 7.238621014694067 2.199887454595048 2.1050983986838174 
0.0 89.25738558052254 216.2947613137929 204.8539094455323 
0.0 11.65902073080446 15.291015518707141 12.843368940915475 
0.0 0.0 0.0 0.0 
79.14968635589824 0.0 0.0 92.94965978127696 
49.902040648800956 0.0 78.38854850282328 75.92603897056674 
0.0 0.0 0.0 0.0 
29.668659585827182 29.914682233051263 0.0 32.60340928594293 
25.425671260861044 12.691104332038062 0.0 17.004609761460728 
0.0 0.0 0.0 0.0 
42.965569137451 31.86702330140602 87.46647728351117 0.0 
51.24263474352761 188.5137706258686 0.0 0.0 
0.0 0.0 2.153127313838098 34.106519984961295 
0.0 0.0 18.19948731383255 9.483839087024364 
0.0 28.916919641747278 0.0 17.87631014900016 
0.0 10.04668443911023 0.0 16.08655001514836 
0.0 35.93817778378854 37.76665014953626 0.0 
0.0 147.7034880920513 209.62651068346136 0.0 
2.033086319461843 0.0 0.0 2.0116921692751935 
23.524476624765345 0.0 0.0 0.0 
0.0 0.0 0.0 0.0 
59.333838216101675 0.0 6.5121800373814995 0.0 
0.0 0.0 0.0 0.0 
53.9069989206388 82.09367206344687 0.0 0.0 
0.0 0.0 0.0 34.216375003307 
0.0 0.0 0.0 0.0 
0.0 31.188084409161252 0.0 0.0 
0.0 0.0 0.0 0.0 
0.0 0.0 0.0 0.0 
0.0 0.0 0.0 0.0 
139.94022929017513 185.61127222490074 255.56698496257377 232.39119729796676 
64.51165458246959 100.2924200046008 120.66791777156826 55.737016631956166 
0.0 0.0 0.0 0.0 
0.0 0.0 0.0 0.0 
0.0 49.97638164684268 52.69662869749304 62.92478708141938 
0.0 0.0 0.0 0.0 
0.0 0.0 0.0 0.0 
34.35488635391877 0.0 27.85425978637402 64.35488635391877 
0.0 0.0 0.0 0.0 
0.0 54.24096646134852 0.0 0.8773728098139938 
43.24207580267126 58.31638826820537 0.0 64.32157937043166 
55.361625408305315 3.3671059846639873 28.478735652148966 0.0 
17.70146429973806 35.3220664864373 35.3220664864373 0.0 
0.0 0.0 0.0 0.0 
0.0 0.0 0.0 0.0 
0.0 0.0 15.661990038409595 64.56417815641636 
0.0 0.0 0.0 0.0 
0.0 55.9816593798101 0.0 70.61535930610837 
0.0 51.25702274752726 26.881199810543343 0.0 
0.0 0.0 0.0 0.0 
0.0 0.0 0.0 0.0 
62.723396556167145 0.0 0.0 72.40011297848355 
0.0 0.0 0.0 0.0 
53.90969034819414 0.0 9.209815417134275 0.0 
0.0 0.0 0.0 0.0 
35.047985831770276 38.41059788520641 0.0 0.0 
0.0 0.0 0.0 67.83065071452543 
0.0 0.0 0.0 0.0 
0.0 0.9749427171122741 0.0 0.0 
0.0 0.0 0.0 0.0 
0.0 0.0 0.0 0.0 
0.0 0.0 0.0 0.0 
0.0 0.0 0.0 0.0 
72.5598992706445 73.46495461185066 77.22013972791447 95.80696598267035 
0.0 206.9345082162372 153.50262927704972 131.85398191333172 
0.0 0.0 0.0 0.0 
0.0 46.77952852200639 23.135783946811973 45.675643023292636 
0.0 0.0 0.0 0.0 
0.0 0.0 8.308507153799788 0.0 
21.577846611383634 0.0 25.68753521739732 36.11438495058037 
0.0 0.0 0.0 0.0 
57.627409754240574 58.95631406170145 0.0 60.31845111347131 
12.579840222408569 68.52652479824576 0.0 10.095177851499972 
0.0 0.0 0.0 0.0 
38.282783927294545 99.87023452785415 34.92625521382075 0.0 
0.0 0.0 0.0 0.0 
0.0 0.0 8.617204292102347 7.17091124281985 
0.0 0.0 11.216160741705792 18.6073952569666 
0.0 206.70130960919218 0.0 79.50206111302788 
0.0 114.86187636502405 0.0 13.662875861781746 
0.0 20.08202938799118 14.000780284590586 0.0 
0.0 0.0 0.0 0.0 
0.0 0.0 0.0 0.0 
19.140281115137363 0.0 0.0 29.056695620563417 
0.0 0.0 0.0 0.0 
9.24697831890808 0.0 5.436588312570531 0.0 
0.0 0.0 0.0 0.0 
17.384128100564144 41.11576897430011 0.0 0.0 
0.0 0.0 0.0 30.305978813090167 
0.0 0.0 0.0 0.0 
0.0 86.96975932932719 0.0 0.0 
0.0 0.0 0.0 0.0 
0.0 0.0 0.0 0.0 
37.70013792600132 141.85688488324195 55.96183932924774 68.70643095699242 
0.0 0.0 0.0 0.0 
41.651866541846736 58.85488691236962 48.95285283896253 56.41598604734922 
